0.590391
0.150413
0.000000
0.017857
-0.000000
0.022222
0.463795
-0.000000
0.000000
0.000000
0.006196
0.000000
1.046707
0.276038
0.724705
0.090167
0.185176
0.166213
0.650002
0.044643
0.000947
0.051606
-0.000000
0.004623
-0.000000
-0.000000
-0.000000
0.178036
0.003024
-0.000000
0.030994
-0.000000
0.017433
0.000000
0.235354
0.000000
0.009348
0.000000
0.002491
0.000000
0.000000
0.206044
0.000000
2.503776
0.000000
0.248617
0.200000
0.000000
1.985050
0.004329
0.451157
0.001081
0.004762
0.000000
10.037968
1.252237
0.099532
-0.000000
0.000000
0.003905
8.738908
-0.000000
-0.042663
24.138297
0.004032
0.064916
0.000000
-0.000000
-0.000000
-0.000000
0.054945
0.000000
0.097113
0.590879
-0.000000
0.000000
0.000000
0.000000
0.056743
-0.004299
0.000000
0.000000
-0.000000
-0.007417
1.893303
1.646243
1.026417
0.002415
0.090075
2.031733
1.658178
0.000000
0.075000
-0.926139
-0.000000
0.005263
0.005263
-0.817803
-0.000000
-0.136905
-0.000000
0.166635
0.018750
1.752322
-0.000000
0.000000
3.604090
0.073624
0.006250
0.043750
-0.000000
3.124942
0.010500
0.104749
0.000000
0.737344
2.839287
0.001945
0.000000
2.873951
0.055534
-0.092170
0.797232
-0.000000
-0.000000
-0.000000
0.014718
7.103363
-0.001497
0.127294
-0.000000
0.440283
0.004926
-0.000000
1.400036
1.056029
0.006645
-0.000000
-0.000000
0.427896
0.399363
0.036280
0.107352
0.306208
0.137965
-0.000000
2.504445
0.023559
59.594144
-0.000000
0.000000
-0.000000
0.086720
0.000000
-0.000000
0.005929
0.505848
-0.000000
10.401335
1.511700
0.006012
0.000292
-0.000000
0.041165
1.441621
0.029943
0.397969
0.185227
0.122784
0.000000
0.142168
-0.000000
2.607013
-0.336504
0.035826
3.856459
0.328848
0.000000
0.049314
0.441431
-0.000000
-0.000000
0.001449
0.000597
30.238211
0.534683
0.004156
0.000267
0.006536
0.072727
0.000000
0.015731
0.000000
0.242585
-1.991275
-0.899341
0.000000
2.071644
0.015000
0.000000
0.139187
0.000000
0.328339
-0.000000
0.000000
-0.000000
-0.000000
-0.000000
30.305103
0.558077
0.003111
1.450675
1.236498
0.000753
0.000000
0.000000
1.545572
-0.000000
0.366335
-0.000000
0.010084
0.000302
0.008913
-0.000000
3.414194
-0.000000
-0.000000
0.018576
-0.000000
0.000000
-0.063636
0.000000
2.129587
0.000000
9.172178
0.040609
0.000000
7.623380
0.261316
-0.000000
-0.000000
0.000000
-0.094080
0.003749
0.000000
-0.000000
0.037047
0.107143
-3.307793
0.005495
15.857833
-2.438937
0.000000
0.622284
0.000000
0.001162
-0.005180
2.981524
-0.000000
0.000000
0.737046
-0.000000
0.091693
0.000000
0.555556
0.000000
4.800776
0.000000
0.811615
4.338287
-0.000000
2.965549
-0.000000
0.413399
0.000000
0.074472
0.000000
0.294614
0.709635
0.062260
1.465900
0.000000
1.220170
0.000000
0.015856
1.660109
0.162941
0.000000
-0.000000
0.640968
0.000000
43.821119
0.552079
0.915482
0.000000
0.197252
-0.007844
0.000000
0.000000
0.316314
0.000000
0.529215
-0.000000
0.000000
5.452803
0.000907
0.000000
4.712449
0.281064
1.215617
-0.000000
0.149168
0.000000
-0.000000
-0.000000
0.027377
-0.000000
-0.000000
-0.000000
0.299743
0.000000
1.416060
0.000000
0.996563
0.000000
0.000000
0.622425
-0.000000
0.022068
0.000000
0.000571
0.000000
0.310113
0.070000
0.000000
1.111734
0.000000
0.046669
0.000000
-0.000000
-0.000000
0.040004
-0.000000
0.157614
0.065216
-0.000000
0.062573
0.026190
0.019189
0.000000
2.051436
0.099098
0.000000
0.262461
0.043765
-0.000000
0.000548
0.049898
0.000000
0.000000
0.509404
-0.000000
0.258040
0.047756
0.000000
-0.000000
-2.144897
-0.000000
0.000000
0.374964
-0.000000
0.133333
0.000000
-0.000000
-0.082181
0.356701
6.926345
0.000000
0.000000
-0.000000
0.007562
0.005720
1.744406
0.000000
0.205481
-0.000000
-0.000000
0.000000
0.000616
0.089835
0.000000
0.000000
0.507525
-0.000000
0.077236
-0.000000
5.923279
0.031818
0.167574
-0.000000
0.000000
0.004540
-0.000000
0.015150
0.000000
-0.000000
0.008325
0.078095
-0.000000
0.000000
0.242641
-0.000000
0.027097
0.000000
0.133333
0.293372
0.301930
-0.000000
1.916396
0.000363
1.405880
-0.000000
1.178962
0.000000
0.005476
0.554309
0.000402
0.000000
0.343189
0.000000
-5.472134
-0.000000
-0.000000
0.000000
0.000000
0.000000
-0.000000
0.007056
-0.000000
0.000000
-0.000704
0.000000
0.395678
0.190126
0.129657
-0.000000
0.738770
0.000000
-0.000000
0.000000
-0.000000
0.003799
-0.015977
-0.000000
-0.000000
-0.157743
0.000947
3.035175
2.391930
1.713149
0.235236
0.000000
-0.000000
0.016667
0.000000
0.474407
0.445439
0.000000
-4.107469
-0.000000
0.072532
0.000000
-0.000000
3.785090
0.022125
-0.000000
-0.000000
0.000000
-0.000000
0.743236
0.004762
0.000000
0.000000
42.825814
-0.000000
1.896181
-0.100000
1.108253
33.733240
0.001030
-0.000000
-0.000000
-0.000000
-0.000000
0.007576
0.000000
-0.000000
-0.000000
0.000000
0.059006
2.224581
0.720352
0.077047
-0.000000
0.000000
-0.000000
0.603964
-0.000000
0.043798
0.000000
-0.000000
-1.347837
0.135813
2.466856
0.022727
-1.907432
-0.000000
0.022727
-0.000000
0.000000
-0.000000
-0.000000
0.040670
0.034418
0.299924
0.241428
-0.000000
0.071831
0.068387
-0.000000
0.024430
0.007450
0.802798
0.170646
0.000478
0.000000
-0.000000
-0.292019
0.014273
-0.000000
-0.000000
0.066667
2.891571
0.040945
0.000000
0.023529
-0.001281
0.006944
0.000000
-0.000000
0.000363
0.491659
0.001967
0.015176
0.003664
-0.000146
1.219240
-0.600000
0.000000
0.004831
0.174167
0.051552
0.000000
-0.000000
0.000000
0.003333
-0.000000
-0.000000
0.104137
0.007905
0.202965
0.000402
0.202965
-0.000000
0.027294
-0.000000
0.186741
0.000000
2.115452
0.936740
1.859588
0.000000
3.466237
0.510204
-0.128655
0.229589
0.000000
1.765626
-0.000000
-0.000000
0.154665
3.047093
0.000000
0.224045
0.000000
3.166127
-0.000000
0.000000
-0.000000
-0.027256
0.000000
3.604015
0.000000
-0.000000
315.712234
0.026230
0.553444
1.088330
-0.000000
0.000000
0.000000
0.000000
0.000000
2.143576
-0.000000
0.763584
0.000000
-0.001081
-0.000000
0.076862
0.000000
0.006410
0.000470
0.361599
-0.000000
4.933995
0.161111
-0.000000
-0.000000
0.029401
-0.000000
-0.000000
-0.000000
1.310700
0.000000
0.292400
0.000000
-0.000000
0.000000
1.310136
0.035239
0.000000
0.000000
1.271166
-0.000000
0.022210
0.000000
0.633819
0.000000
-0.000000
-0.000000
0.000208
0.006971
11.714304
-0.000000
0.000000
4.906406
3.019018
0.000000
0.165996
-0.000000
0.221200
0.416667
0.000000
0.000801
0.002914
0.000000
-0.000000
0.000000
0.000000
0.305762
-1.916455
0.453874
-0.000000
-0.021655
0.000000
0.942410
0.033489
0.007748
-0.000000
0.048727
-0.000000
-0.499698
-49.985397
1.912228
0.027073
0.355936
0.028409
-0.000000
0.166667
0.000000
0.000000
0.000000
-1.832760
0.002449
-0.000000
0.513753
0.101727
0.000000
0.000000
-0.000000
-0.000000
1.356077
-0.015019
0.000000
0.000000
0.000000
0.000000
0.533730
0.676378
0.000000
0.635673
0.005747
0.011034
1.547877
0.009306
0.037330
0.065185
0.030241
-0.000000
0.333333
0.000157
-0.000000
0.024390
-0.000000
0.068646
0.000000
-0.000000
-0.000000
0.000000
-0.000000
0.321429
1.473501
0.000000
-4.439646
0.532081
121.299070
9.303641
0.387474
0.000000
-0.000000
5.729011
0.000000
-0.000000
1.295174
-0.000000
0.003425
0.003875
-0.000000
0.119048
-0.000000
0.015484
0.000000
0.442755
0.142259
0.000000
0.738998
0.000000
-0.000000
0.057929
-0.000000
0.200821
0.000631
-0.000000
0.085282
0.000000
2.169758
-0.000000
-0.004796
-0.000000
0.166667
0.000000
0.003782
0.000210
0.097039
0.050569
0.000000
0.835860
0.000000
-0.002949
0.000000
0.210688
-0.000000
0.131243
3.055415
0.324194
0.517908
-0.000000
3.576208
0.013780
0.000000
0.075583
0.000000
0.142279
0.105040
0.003623
0.100176
0.012500
0.013538
0.002083
0.170686
0.029977
0.000000
-0.000000
0.000000
0.070756
0.485236
-0.000000
-0.000000
0.163940
0.103622
0.040293
-0.000000
0.048499
0.048499
0.134576
-0.007326
0.350584
0.632262
0.078966
-0.000000
0.021020
0.071429
0.073069
0.000000
0.000000
0.223719
-0.000000
-0.000000
0.000000
0.005229
-0.000000
-0.000000
-0.000000
-0.345876
0.004274
0.000000
-0.210505
0.000000
-0.000000
-0.649390
-0.000000
0.000000
2.456627
-0.000000
0.000000
0.446847
0.939271
0.000000
0.000000
-0.707224
0.017078
0.000000
0.857143
-0.000000
29.763696
-0.000000
0.016145
0.048387
0.000000
0.000000
0.018182
-0.000000
-0.000000
0.167561
0.000000
0.112997
0.114584
0.000000
0.224898
0.000408
2.118098
-0.000000
0.000000
-0.000000
0.000000
0.014706
-0.000000
0.000000
0.001008
0.000000
2.561078
0.012206
0.583428
0.000000
-0.000000
0.000000
-0.025550
0.000000
0.045127
0.255012
0.591926
0.005151
0.000000
0.000000
0.000000
0.337183
0.013953
0.522373
0.000000
0.010417
0.000000
0.245154
-0.000000
0.000000
0.000000
0.116317
0.000000
-0.000000
-0.000000
0.000000
-0.000000
0.000000
0.018452
0.000000
0.811873
0.048039
0.000000
0.014078
0.003075
0.000000
-0.000000
0.063362
0.000000
0.302277
-0.000000
0.859605
0.000000
0.000000
0.025501
-0.000000
0.282479
-0.000000
-0.000000
-4.398111
0.129036
-0.000000
-6.116125
-0.319356
-0.059602
0.009881
0.280816
0.000000
-0.000000
0.000302
0.341070
0.000000
0.243908
0.020690
0.000000
-0.024610
-0.000000
-0.000000
-0.000000
0.183333
0.000292
1.849069
0.000000
1.843592
1.283542
0.000000
-0.000000
-0.000000
0.078093
0.000000
-0.000000
-0.062500
-0.000000
0.192788
0.000000
1.227690
0.411340
-0.000000
0.018576
0.026112
0.000000
-0.000000
0.011667
0.126035
-0.000000
0.080150
4.253949
0.000000
0.000000
-11.013889
0.015440
5.336891
-0.030303
0.000000
1.874721
0.012438
0.050192
0.000704
1.860784
3.169196
0.104855
0.000000
0.000000
-69.103061
0.061618
-0.000000
0.000000
-0.000000
0.000000
0.000000
0.067308
0.000000
0.005128
1.548434
0.000000
0.009058
0.807592
0.252293
0.052553
0.650000
-2.368278
0.035308
0.000000
0.006250
-0.000000
0.041517
0.011982
0.541703
4.666724
0.050000
1.723016
-0.000000
0.000000
-0.000000
-1.862344
0.000000
0.088889
-8.325187
0.000000
-0.000000
0.000000
0.000651
-0.119048
0.009050
-3.438794
0.004898
0.000000
0.139922
0.000000
0.000000
0.000000
0.666140
1.058553
1.136073
0.000000
0.015198
12.455090
-0.000000
-0.000000
0.000000
-0.066667
0.029858
0.001277
3.881005
0.000000
0.016109
0.000000
0.000000
0.270425
0.100062
0.000000
0.000000
0.000000
-0.000000
0.277150
0.000000
1.792798
5.603487
0.300114
3.611217
0.000000
0.000000
-0.000000
-0.000000
0.053063
0.000000
0.016807
-0.000000
1.483775
-0.000000
3.038153
-0.000000
0.011765
-0.000000
0.000115
0.398183
0.008772
0.638356
0.074704
0.001502
-0.000000
-0.000000
1.726008
2.549463
0.000000
-0.000000
-0.000000
1.771484
-0.000000
0.088739
0.000000
0.154208
-0.000000
0.215936
-0.300611
-0.000000
0.237314
-0.000000
0.000000
0.000000
0.042886
0.056011
0.093285
-0.000000
0.000793
0.003268
0.393401
-0.000000
0.082355
0.064851
0.000000
0.148802
-0.021767
0.000000
0.177285
0.000000
0.007576
11.199889
-20.643353
0.000000
-0.866667
0.000000
0.281250
0.029753
2.715948
0.105495
0.049923
0.029780
1.050406
-0.000000
0.000000
-0.000000
7.657525
1.672454
0.000000
2.955776
0.300000
-0.000000
0.000000
0.000000
0.000000
0.575230
-0.000000
0.020575
-3.252941
-0.000000
1.000581
-0.000000
-0.095342
0.000000
-0.000000
0.000000
-0.000479
0.000000
-0.000000
0.000000
0.000000
0.000000
0.000000
0.002449
-0.000000
5.752523
-0.000000
0.476243
0.000000
2.118561
1.412166
0.000584
0.000000
2.927239
0.603010
-0.000000
0.000000
-1.752083
0.000000
-20.338433
0.666667
0.000000
1.308190
-0.000000
0.106425
0.081088
0.331980
0.480335
-0.025887
-0.000000
1.676578
0.000000
0.098867
-0.000000
0.015484
-0.000000
-0.029315
0.000000
0.506894
0.035007
19.432852
0.841593
-0.000000
0.390244
0.011981
0.340385
0.000000
0.001815
-0.069930
0.641026
-0.000000
-0.000000
0.000000
-0.000000
0.000000
1.706918
0.017857
0.000751
0.891957
2.316178
0.010256
0.027366
0.000201
0.000000
-0.000000
0.001948
0.002860
-0.000000
0.006803
0.124807
-0.170375
-0.840065
0.040868
4.214639
0.000000
0.000000
0.007143
-0.000000
0.000000
-0.000000
0.000000
-1.929074
1.513902
0.759255
0.000000
0.058882
0.189547
0.016792
0.000000
-0.000000
0.601109
0.000000
-0.000000
0.074830
-1.558381
0.006803
0.000000
0.013605
0.000000
-0.000000
0.040107
0.000000
0.137915
0.000000
0.368066
-0.000000
-0.000000
0.055744
0.053201
0.000000
0.897379
0.294258
-0.000000
0.000000
0.800044
0.286587
-0.000000
0.000000
11.369907
-0.000000
-2.409224
-0.166667
0.088744
0.277951
0.000239
-0.000000
0.144231
0.011696
-0.000000
0.030827
0.000000
0.074570
0.687375
0.000000
14.080067
0.000000
12.224356
0.750000
330.803203
0.000625
-0.000000
-0.000000
0.000000
0.027028
0.005435
0.020411
-0.028986
0.020411
0.015345
-0.000000
0.030094
-0.086767
-3.127484
-0.000000
0.000000
0.283240
0.244298
0.007353
0.043009
-0.000000
-2.897551
0.000000
0.007006
0.000000
0.000000
0.000000
-0.000000
0.000000
0.263158
0.521739
0.032278
0.000000
-0.000000
0.000000
-0.280019
0.012500
-0.000000
0.000000
0.050000
-0.000000
-0.000000
0.027778
0.000907
-0.000000
0.000000
-0.000000
0.110141
2.766873
1.196796
0.029269
0.000000
3.135752
0.025000
0.000000
0.000000
0.025000
0.000000
0.012077
0.740605
0.000000
-0.009178
-0.000000
0.000000
-0.000000
0.000000
-0.000000
1.146601
0.000000
0.726080
0.000000
0.000000
0.229705
0.650386
0.826413
0.062296
0.016551
0.000000
0.037021
0.175729
-0.000000
0.068084
0.196391
0.000000
0.038078
-0.000000
0.242424
-0.000000
0.000000
-0.000000
0.000000
0.000000
0.000966
0.099684
0.000000
0.060281
0.001220
-0.000000
1.395759
-0.000000
0.033333
0.914964
0.000000
0.008571
0.000000
0.000000
0.001071
0.244970
-0.000000
-0.000000
-0.000000
0.033333
0.932309
0.000000
0.711083
-0.000000
0.088889
-0.000000
0.000000
0.000000
0.002106
0.091771
2.850814
0.085392
0.052486
0.000000
0.085392
-3.388561
-0.134454
0.000000
0.340594
0.008938
0.000402
-0.000000
0.000000
3.105369
-0.000000
0.000639
0.400965
-0.049524
0.000000
-0.000000
0.029492
-1.845577
-0.000000
-0.000000
0.104649
0.166999
0.003024
0.000000
0.006723
0.000000
0.000000
0.000000
0.000000
0.011306
0.302349
-0.059144
-0.000000
0.011306
0.016958
0.000000
0.000000
-0.000000
-0.000000
0.000000
0.000000
0.000000
-0.050000
0.061356
0.926998
0.000000
-0.000000
0.000000
0.000000
0.020036
-0.000000
0.000000
0.003064
0.000000
-0.000000
-0.000000
-0.015840
0.000000
0.042865
0.349017
1.001066
0.059999
-0.000000
0.000000
0.050068
0.000515
-0.000000
0.000000
0.492063
0.000000
-0.000000
0.000000
0.000000
0.000000
0.009804
-0.000000
0.037037
0.015892
0.093750
0.000000
0.802236
0.000000
1.401976
-0.000000
0.000000
0.050000
0.056701
-0.000000
0.000000
0.000000
0.000000
0.449443
0.000000
-0.000000
147.602810
0.000000
0.000000
0.004329
0.000000
0.464414
0.000000
-0.000000
0.293651
0.009804
0.069444
1.176556
-0.000000
0.354517
0.000000
-0.000000
0.008097
0.413743
-0.963843
0.000000
0.000000
-0.000000
0.000000
0.845385
0.000000
-0.000000
0.000000
-0.000000
0.000000
0.000000
0.000000
-0.000000
-0.000000
0.000000
-0.000000
-0.000000
-0.000000
0.000000
-0.000000
0.000000
0.000000
-0.000000
-0.000000
0.000000
0.000000
-0.000000
114.938166
0.000000
-0.000000
-0.000000
-0.000000
-0.000000
0.000000
0.000000
-0.000000
0.000000
-0.000000
-0.000000
-0.000000
0.200000
-0.000000
0.000000
63.742956
-0.000000
0.000000
-0.000000
-3.091317
3.643956
-0.000000
0.822567
-0.000000
0.000000
0.000000
0.226115
-0.000000
0.000000
-0.000000
1.282677
0.000000
-0.000000
0.000000
0.452324
0.010989
-0.000000
0.012020
0.000000
0.057223
-0.000000
-0.000000
-0.000000
0.000000
1.206339
-0.000000
-0.000000
0.000000
0.000000
0.000000
3.228736
0.020202
-0.000000
-3.049064
0.000000
-0.000000
-0.000000
6.447596
0.000000
0.781367
6.774080
-0.615401
0.000000
2.889492
0.000000
0.000000
0.000000
1.383183
0.048485
-0.000000
-4.612376
1.616643
0.000000
-0.000000
-0.000000
0.000000
0.000000
0.000000
-0.000000
0.000000
0.000000
0.000000
-0.018382
0.000000
-3.194428
-0.000000
0.000000
1.347110
0.000000
0.000000
-0.063636
0.000000
-0.000000
-0.000000
0.000000
0.166667
0.000000
0.000000
-0.000000
0.000000
0.216230
0.000000
0.000000
-0.479894
-0.000000
0.000000
0.000000
0.000000
0.000000
0.000000
0.027692
0.032680
0.000000
-0.000000
-0.000000
-0.000000
0.000000
0.000000
0.000000
0.000000
0.000000
0.000000
0.148232
0.001262
-0.000000
-0.000000
-0.166667
0.000000
-0.000000
-0.433333
0.000000
-0.000000
-0.000000
-0.000000
0.000000
0.000000
0.000000
0.037132
0.000000
0.000000
-0.000000
0.000000
0.000000
0.000000
-9.844205
0.120835
0.000000
0.000000
-0.000000
0.111749
0.000000
-0.000000
0.000000
0.000000
-0.000000
-0.000000
0.000000
0.000000
0.000000
0.000000
0.003077
0.000000
0.000000
0.000000
0.000000
0.000000
0.070007
1.090542
-0.000000
0.001587
0.000000
0.000000
0.000000
0.071429
-0.000000
1.082683
0.113201
0.000000
0.232199
-0.000000
0.000000
6.658192
-0.000000
0.015385
0.000000
0.107143
0.000000
-0.000000
-0.000000
-0.000000
-0.000000
0.000000
13.198087
0.000000
0.048599
0.194027
0.011981
-0.000000
0.009291
2.649651
0.000000
0.000000
-0.026160
3.942697
-0.035213
0.000000
0.141533
0.000000
0.090671
-0.096257
0.000000
0.000000
0.001586
0.005233
0.000000
0.000000
1.815860
1.852076
0.007934
-0.000000
3.656713
0.001325
0.080940
0.000483
-18.205913
-0.507368
0.000000
0.000000
0.000000
0.000402
0.328217
0.733373
0.000000
0.658889
0.333333
0.003333
-0.000000
6.055511
0.161111
0.003089
0.000000
0.316188
0.487802
0.000000
0.000000
0.132530
0.000000
1.700969
-0.000000
3.285373
0.000000
3.144088
0.005633
0.000000
0.726156
0.000000
0.039462
1.716051
0.000000
0.000000
0.000000
0.000000
-0.000000
0.042735
0.000000
0.007843
0.000000
0.000000
-0.000000
0.130898
0.000000
0.000000
-0.000000
0.091319
0.000000
5.037542
0.192063
0.829880
-0.000000
-0.000000
-0.000000
-9.903714
-1.313883
0.000000
0.020362
-2.529806
-4.606104
0.042425
-0.000000
-0.000000
0.000000
1.023634
0.680574
0.000000
0.790284
-0.000000
-0.000000
0.001885
0.000000
0.001885
0.000000
-0.008403
0.000000
0.305946
-7.060145
2.137994
0.000000
0.000000
0.500000
-0.000000
-22.355664
0.000000
0.315367
0.000000
-0.000000
0.491870
0.000000
11.898274
0.000000
0.163719
-0.000000
1.843732
0.000000
0.000000
-0.033028
0.005455
3.504501
-0.000000
0.000000
0.000000
0.279225
0.027778
-0.000000
-0.000000
0.412744
-0.000000
-0.000000
0.000000
0.000000
-0.479311
-0.000000
0.000000
0.000000
2.579144
0.044444
0.000000
0.150000
-0.000000
0.000000
0.000469
0.000000
0.393484
0.000000
-0.000000
0.473993
0.000000
0.000000
1.006698
0.018155
0.060818
0.037242
0.000000
0.000000
0.536469
0.000000
-3.318606
0.149906
0.000000
0.009226
-33.662285
2.899918
-0.000000
-1.871109
-0.000000
0.000000
-81.272449
0.000000
0.495162
1.544056
0.000000
0.000000
0.329622
4.102998
-0.000000
0.000000
-0.000000
0.003953
0.004274
1.903543
0.500000
-0.100000
0.000000
0.269003
0.000000
0.005321
0.222222
0.000000
-0.000000
0.154906
0.000000
0.000000
0.000000
0.000000
0.000000
0.000000
0.001750
-0.000000
0.000000
0.000000
-0.000000
0.642634
0.000000
0.000000
0.000000
2.934343
0.000000
0.000000
0.522448
0.000000
2.615870
-0.000000
0.000000
-0.000000
0.000000
0.000000
0.000000
0.004635
-0.000000
0.085498
-0.000000
-0.000000
-0.000000
0.155965
0.000000
0.000000
-0.037621
0.000000
-0.000000
0.000000
0.000000
0.200173
0.000000
0.000000
0.000000
-0.055556
0.000000
0.000000
0.067576
0.142857
-0.000000
0.000000
0.084408
0.737923
0.000000
-0.000000
0.125490
0.000000
0.010889
0.000000
0.008021
-0.000000
-0.000000
0.000000
0.000000
0.000000
-0.000000
-0.027027
0.000000
0.055556
-0.000000
0.227615
-0.000000
2.436381
0.034271
-0.000000
7.594925
-0.000000
0.015400
0.000000
0.019796
-0.000000
0.001544
0.000000
0.000000
0.000000
0.000000
0.000000
-0.000000
-0.000000
-0.033106
0.000000
0.867041
0.015878
-0.000000
0.166026
0.000000
0.077722
0.000000
0.000000
0.377144
0.000000
0.000000
0.000000
0.697796
0.000000
0.002299
1.113565
0.136398
0.000000
0.000000
0.019048
-0.000000
-0.000000
0.001030
-0.000000
0.002463
-0.029915
0.027720
0.297981
-0.000000
0.000000
-0.127820
-0.000000
0.302359
0.000000
0.000000
0.000751
0.000000
1.701346
0.000000
0.000000
-0.000000
6.409185
-0.000000
0.000000
0.445566
0.000000
0.708144
0.000000
0.000000
0.000000
-0.000000
-0.000000
0.000000
0.993468
1.866007
0.000000
-0.066667
0.000000
0.448170
-0.018519
0.005973
0.000000
0.007704
0.032887
0.000721
0.000000
-0.848101
-0.000000
0.204454
0.000000
0.000000
-0.000000
-0.000000
-0.000000
-0.115869
-0.000000
0.000000
1.263904
0.013982
0.000322
0.000297
0.479589
0.013889
-0.000000
0.196112
-0.000000
-0.000000
0.200000
0.207867
-0.000000
0.458245
-0.066667
0.068327
0.441824
0.000000
0.029970
0.000000
0.000000
-0.000000
0.000000
0.000000
0.566097
-13.476092
4.504065
-0.000000
0.001976
-0.000000
-0.000000
0.000000
0.123894
0.000000
32.962603
0.000000
-0.000000
0.667967
0.000000
1.355505
-0.000000
0.000000
0.000000
-0.050000
0.386014
-0.000000
0.671239
-0.000000
0.000000
0.000000
0.000000
0.241434
0.000000
-0.000000
0.003460
0.000000
0.028571
-0.000000
0.111111
0.050000
0.189421
-0.000000
7.298565
0.008021
0.101875
-0.000000
0.000000
0.000000
0.000000
0.550612
0.000000
0.000000
0.104798
-0.757673
-3.365821
0.438652
0.001586
-0.000000
0.000000
0.048104
3.051422
0.149566
0.000000
-0.000000
0.000000
0.554266
-0.000000
0.296270
-8.363698
0.285714
0.000000
0.096583
-0.004261
0.942715
0.521825
0.153478
0.000000
0.045871
0.983917
0.000000
-0.000000
0.936198
0.000000
0.003237
-0.000000
-0.000000
-0.014286
0.000000
4.463558
0.000000
-0.000000
-0.000000
-0.000000
0.108290
0.000000
0.225000
-0.000000
0.000721
4.363771
-0.000000
0.098754
0.047619
0.046980
-0.000000
1.544981
0.592847
0.000000
0.000000
0.086061
-33.790650
-0.000000
-0.000000
0.177120
0.002106
-0.000000
0.000000
-0.000000
-0.000000
0.000000
-0.000000
0.009003
0.020389
-0.000000
0.200000
-0.100000
-0.000000
-0.000000
2.444444
-0.013986
0.000000
0.000000
0.859438
-0.000000
0.040532
0.000000
0.013920
0.000000
0.000000
0.000000
-0.002782
0.000000
-0.000000
0.000000
2.054585
-0.000000
0.114227
0.000000
0.000000
0.116631
-0.000000
0.000000
0.003507
0.040686
-0.000000
0.000000
-0.000000
-0.000000
1.208791
-0.000000
0.032258
1.183996
0.000000
-0.000000
-0.000000
0.035393
-0.000000
-0.000000
0.000000
-0.000000
0.000000
0.000000
0.000000
0.000000
0.000000
-1.931589
1.939674
-0.000000
-0.000000
0.000000
0.354545
0.953372
0.000000
-0.000000
-0.000000
0.018046
-0.415840
0.000000
0.000000
-0.000000
-0.000000
-0.134353
-0.000000
-0.000000
0.000000
0.034271
0.000000
0.000000
0.000000
0.000402
0.000000
0.000402
0.009324
0.000402
0.262183
0.000402
0.000402
0.000402
0.000000
0.065221
-0.000000
0.000402
0.000402
0.003786
-0.000000
0.056175
0.168423
0.047619
0.107505
0.000000
0.047222
0.000000
-0.000000
0.000000
0.873735
-0.000000
0.000000
-0.027296
0.000000
0.071385
0.000000
-0.000000
0.000000
0.034632
-0.000000
0.000000
0.019608
0.000000
0.000000
0.000000
0.130569
-0.000000
0.000000
0.000000
-0.000000
-0.000000
0.206263
-0.000000
0.569538
-0.000000
-2.020541
0.000000
0.456063
0.000000
0.066667
-0.000000
0.034163
0.000000
-0.000000
0.063636
-0.000000
0.000000
0.000000
-0.000000
-0.000000
0.000000
-0.000000
0.242490
0.038876
-0.178571
-0.000000
0.157895
0.000000
0.000000
0.000000
-0.000000
0.000000
0.034271
-0.000000
0.046972
0.002924
1.148979
0.000000
32.285865
1.497425
-0.000000
0.082166
-0.000000
-0.000000
0.000000
0.000000
-0.000000
-0.000000
0.000000
-0.095238
0.523810
0.054422
0.000000
0.000000
193.925281
0.042857
0.000000
0.402462
-0.000000
0.027751
0.000000
-0.000000
0.000000
0.000571
0.574603
-0.000000
-0.000000
-0.000000
-0.000000
-0.000000
19.112104
-916.540191
0.000000
-0.232080
0.000000
0.000000
-0.000000
0.000761
-0.000000
0.948145
0.000000
0.000000
0.042735
1.474774
0.000000
0.047619
-0.000000
0.002165
-0.000000
0.000000
-0.026700
1.942314
0.000000
-0.000000
-0.000000
-0.000000
0.153464
0.000000
-0.000000
6.656283
0.000000
0.111336
-0.142857
0.072464
-0.000000
-0.000000
0.427444
0.000000
0.050000
-0.000000
-0.000000
-0.000000
0.000000
-0.048611
-0.000000
0.000000
0.000000
7.818048
0.000000
-0.000000
0.000000
0.000000
0.168337
-0.000000
0.000000
0.043590
0.000000
-47.812637
-0.000000
-0.000000
-0.011029
-0.000000
2.541988
0.038384
0.347213
0.244522
0.001149
0.389534
0.000000
-0.000000
0.000000
0.447558
-0.325397
-0.000000
-0.111111
-0.000000
0.616297
-0.080435
-0.200000
0.004838
0.003589
0.017943
0.000000
-0.000000
0.002727
0.092911
0.182081
0.000000
0.029003
0.000000
0.000297
0.000000
0.010000
-0.000000
0.000000
0.006787
-0.000000
0.000721
3.507970
0.000000
0.001425
0.000000
0.000000
0.001325
0.047619
0.000000
-0.000000
0.000000
0.701530
0.322233
0.136239
0.007820
-0.000000
0.000000
0.917898
0.001732
0.015152
0.050891
-0.000000
0.019231
0.251479
-0.000000
-0.669374
0.129704
-0.000000
0.027820
0.004536
-0.000000
-0.000000
0.179904
-0.000000
0.231151
0.000000
-0.000000
-0.000000
0.000000
9.383577
0.000000
-0.000000
-0.338889
-0.000000
-0.000000
0.033333
-0.000000
0.000000
0.000000
0.000000
0.000000
0.000000
0.086061
3.249438
-0.103623
-0.000000
0.295363
-0.000000
0.093947
0.013986
-0.000000
0.000000
-0.000000
0.147629
0.000000
0.023810
0.000000
0.349297
-0.000000
-0.025167
0.000000
-52.625976
3.617070
0.056534
0.608313
0.291370
30.382538
-0.000000
0.069514
0.021869
0.000000
-0.000000
-0.000000
-0.000000
0.606171
0.298336
-0.000000
-0.000000
0.002029
0.000000
0.027273
0.354299
0.004091
0.054051
1.669138
0.000000
0.000000
0.289562
0.066667
0.017778
-0.000000
-0.000000
0.299082
0.000000
0.000000
0.000000
-0.000000
-0.000000
0.000000
0.002279
0.584895
0.000107
-0.000000
0.000000
-0.028137
0.000000
0.008097
-0.000000
5.494005
0.002924
-0.000000
-0.000000
-0.000000
0.000000
0.034163
0.066667
-0.000000
-0.000000
0.000000
0.000000
0.066667
-0.000000
0.000000
0.000000
-0.000000
0.052650
0.000000
-0.000000
-0.000000
0.354136
-0.000000
0.431722
-3.010006
0.000000
0.000000
0.000000
0.000000
-0.000000
0.000000
-0.000000
0.002848
0.010909
-0.000000
0.001202
0.000000
0.089636
0.013889
0.080594
0.000483
-0.046611
0.420362
0.006126
0.698412
0.000000
0.000000
0.000000
-1.563556
-0.025641
0.001894
0.485220
0.356774
-0.000000
-7.957588
0.000000
-0.000000
0.063557
0.249695
-0.000000
-0.000000
-0.000000
0.012587
-0.000000
-0.000000
-0.275680
-0.000000
5.766707
-0.000000
0.017544
0.015152
0.032173
0.235209
0.236765
0.033333
0.000000
5.360794
0.000000
-0.000000
0.072691
-0.000000
-0.000000
0.029396
0.010993
-0.000000
0.231448
-0.000000
0.000000
-0.000000
0.001200
0.000000
1.632085
0.147298
0.000000
2.719217
0.006435
-0.000000
2.360166
-0.000000
0.000351
0.002379
0.000000
-0.131032
0.000000
0.033333
0.000000
1.075086
0.003788
0.000000
-0.000000
0.028846
0.050429
-0.000000
0.005000
-0.000000
-0.000000
2.504466
-0.000000
0.000000
2.855447
0.005195
0.000000
0.000000
0.000805
0.000000
0.081146
-0.479158
0.000000
0.000201
0.000000
1.158777
-0.000000
-0.000000
0.000000
-0.000000
-0.000000
0.635116
-0.000000
0.000107
1.821346
0.000420
0.012208
0.000000
-0.000000
0.000000
0.345987
0.000000
0.115419
0.000000
0.000000
1.375267
0.000000
2.258182
0.003405
0.000000
0.000000
0.000000
0.387021
-0.000000
0.000000
-0.000000
-0.000000
0.000000
0.066241
1.680247
-0.000000
0.087729
-0.000000
-0.000000
0.000000
0.044818
0.086646
-0.000000
0.000000
0.001712
0.046154
-0.200000
0.000000
0.001075
3.641817
-0.000000
0.003381
10.327849
0.055556
0.046669
0.004341
0.027953
0.000000
0.372023
0.000000
0.636447
5.260108
-0.000000
0.000000
-0.018687
-0.000000
0.012500
1.592947
-0.000000
2.491020
0.089664
0.000000
0.113961
0.029474
0.075630
-0.000000
-0.000000
-0.000000
0.003595
0.000000
9.777778
0.033333
0.010870
-0.125000
0.344473
0.897432
-0.000000
0.336372
0.951914
-0.073232
0.061250
-0.000000
-0.750000
0.124366
0.034911
0.004762
0.000604
0.118669
0.000000
-0.000000
0.039182
0.425441
0.013889
-0.000000
0.013889
0.004831
0.000000
-0.000000
0.000000
0.044444
0.017778
0.000000
0.153535
0.050000
0.153694
-0.000000
0.000000
0.186514
0.532079
0.000000
0.199637
0.446541
0.000000
0.136364
0.136364
0.217943
0.000000
0.585986
0.000726
-0.751383
589.993352
0.000000
-0.000000
0.007524
-0.000000
-0.000000
0.849921
0.674072
0.288475
0.035714
2.840817
-0.000000
-0.000000
-0.000000
-0.315410
-0.001230
0.000000
-0.000000
-0.000000
-0.000000
0.217512
6.082282
0.088889
-0.166667
0.000000
0.000000
2.477811
0.004349
0.672177
2.102067
0.000515
0.161946
0.000000
0.277881
0.058303
0.000000
0.000000
0.000000
0.000000
-0.000000
0.029857
0.000000
0.041266
0.681478
0.008133
0.000000
0.000000
0.000000
0.041116
0.055108
0.001753
0.000000
0.000000
0.000000
1.516667
-0.538649
-0.000000
21.517207
0.190098
0.213689
1.045677
0.010053
-0.000000
0.006202
0.793668
0.000000
0.036383
7.168668
-0.000000
-0.000000
0.444444
0.846499
0.605917
0.000000
1.474744
0.018369
14.906795
0.023683
0.294709
0.013749
0.027149
1.753164
0.000515
0.318322
5.967702
9.893359
10.800886
1.116540
1.482316
1.280537
2.131248
1.828222
0.306645
-0.000000
0.693304
1.033730
0.023352
0.612645
-0.120814
0.000000
2.401378
0.008097
3.295117
0.000000
15.224096
-2.131668
-0.000000
-0.000000
-0.000000
-10.764551
-46.735451
-3.984194
1.857149
-4.727483
3.277930
-0.040827
0.834722
-0.000000
0.008726
0.013889
-0.636154
0.000000
-0.375000
0.001245
-0.265268
1.273047
0.780012
0.000000
7.145711
0.012215
2.437703
0.025675
-0.000000
0.000000
0.498079
3.045447
3.478645
0.000292
21.174490
-0.000000
-0.030958
0.000000
-0.000000
0.000000
-0.000000
0.000000
0.006205
4.793539
0.000944
0.004623
0.609556
-0.226067
0.089689
0.002845
2.259774
0.340662
0.015180
0.000000
0.000000
-0.104303
0.003623
0.404854
-0.000000
0.000000
0.000000
2.090225
0.000000
0.056376
17.229089
0.004623
5.251788
0.268860
0.272872
0.000000
0.000000
5.702225
-0.012016
0.570947
0.000000
-0.000000
0.019315
0.000000
-0.737966
-0.025858
0.000000
0.031433
0.475652
0.333701
0.000000
-0.796759
-2.747015
0.115931
-0.000000
0.058824
-0.247675
-0.000000
-0.068028
0.153714
0.000000
0.112905
0.008726
0.252645
0.962575
0.000000
0.000000
0.232558
0.002016
-0.000000
-0.208651
0.008995
0.035877
0.000000
0.118685
-0.166667
-0.904297
0.000000
0.000000
-0.000000
1.073184
3.678476
0.591877
44.979204
0.083333
0.233454
0.000000
-33.461212
0.472405
0.063916
3.144980
-0.776762
0.008091
0.831468
0.436332
0.200501
3.067861
-0.000000
-0.000000
0.000000
0.438889
-0.000000
0.263793
0.084266
0.005144
-0.000000
0.316269
-0.000000
0.000000
1.622151
0.879367
0.303624
-2.416856
0.557143
-0.000000
0.033448
0.007177
1.930541
0.000000
-0.004444
-0.000000
0.333333
-0.000000
-0.932918
-0.000000
0.246929
-0.354351
0.010570
2.636495
7.641340
0.000721
0.000000
-0.000000
0.308003
0.000000
-0.273264
-0.048951
0.160432
-0.084776
0.005704
0.393454
-0.000000
0.761764
0.423142
-0.000000
0.046699
-0.124830
0.000000
0.330627
-0.000000
-0.921401
0.166667
0.008097
0.000000
1.182149
0.204733
0.776611
0.997857
0.000000
0.000000
0.000000
0.000000
-0.977497
0.000754
0.394987
0.000000
-0.000000
0.000000
0.004363
-0.447399
0.759222
-0.000000
-0.000000
0.000000
0.750000
0.013889
1.197123
0.000000
0.066533
-0.000000
0.000000
1.079015
0.002646
-2.542319
0.000000
0.000000
0.053861
0.011111
-0.000000
2.031356
0.005144
0.020513
0.258902
0.000000
0.000000
0.002114
-0.000000
0.048973
4.542680
0.276988
0.000000
0.106908
0.224302
-0.000000
0.184549
0.355938
-0.009211
-0.000000
-0.000000
0.031746
-0.000000
0.000000
0.008726
-0.325189
0.000000
0.073523
-0.000000
-0.116071
-0.000000
0.018338
-0.000000
0.000000
0.136905
3.383788
0.049380
-0.000000
0.026756
-0.645103
-0.000000
0.000000
2.065058
-0.212891
0.401306
0.156460
-0.489555
0.000000
-23.518063
0.295302
7.393777
0.000000
0.050515
2.424055
-0.000000
0.059137
-0.034286
0.001812
0.014493
-0.000000
0.012146
-0.000000
-0.000000
0.000000
0.000000
-0.000000
0.004167
-0.400000
2.261912
-0.083125
0.000000
-0.000000
-0.000000
-0.000000
-0.000000
0.000000
-0.000000
-0.245637
0.000000
-0.000000
0.175519
0.000000
-0.625000
0.000000
-0.000000
0.000000
0.132877
-0.000000
0.128275
0.220400
0.005495
-0.000000
-0.000000
-0.000000
0.000000
0.000000
0.413710
0.385765
0.000000
-0.000000
1.508349
0.004167
0.000000
-0.000000
0.013072
0.232387
0.063158
0.879069
-0.860443
-0.000000
0.000000
0.005698
-0.000000
1.401151
0.000000
0.000000
0.000000
0.000000
0.000000
0.000201
-0.528328
-0.000000
0.003719
0.004212
0.000000
-0.000000
0.030028
0.008929
0.000000
3.008382
-0.000000
0.102708
-0.000000
0.000000
0.333333
0.018881
0.000000
-0.000000
-0.000000
0.075484
-0.000000
-0.125000
0.098039
-0.000000
0.263122
0.792234
-0.000000
-0.000000
-0.000000
-286.545967
0.463609
0.000000
0.055556
-0.000000
-0.239645
0.789574
0.171739
0.268320
0.150513
-0.000000
-0.019574
0.284481
0.000000
0.002024
0.000000
-0.000000
0.000000
-0.000000
0.008233
0.000793
0.448459
-0.000000
0.000000
0.000000
0.050787
0.513486
0.004267
0.129451
0.000000
-0.558064
0.032967
-0.490962
-0.000000
0.023226
-0.990713
-0.000000
0.000000
0.000000
0.348973
-0.239886
-0.623088
-0.317889
0.000000
0.215921
0.422678
0.000000
0.000000
0.095238
0.082181
0.000000
-0.000000
0.046409
0.172976
0.000000
-0.000000
0.000000
2.633427
0.234497
0.000000
0.000000
17.761466
-0.000000
1.579090
0.002299
-0.000000
-0.157576
0.078571
-0.750470
-1.593195
-0.000000
-0.000000
-0.000000
0.000000
0.300000
0.155556
0.000951
0.000000
0.000000
-0.000000
0.005144
-0.000000
0.036597
0.000000
0.088366
0.000966
-0.476009
0.004363
0.000000
0.459923
0.003025
-0.000000
-0.000000
0.000000
-0.842319
-0.661919
-0.000000
0.043606
-0.009212
-4.457125
0.022222
0.005324
0.011696
0.044399
0.035482
0.000000
0.024330
0.000000
-0.000000
0.921962
-0.683832
-0.000000
-0.000000
0.512870
0.326628
0.000000
-0.000000
-0.000000
0.000000
0.000000
-0.000000
0.000000
-0.000000
0.002106
0.125450
0.171429
1.341222
-0.000000
-0.000000
0.000000
0.000000
-0.354411
0.337349
-0.000000
-0.000000
0.111111
0.055556
-0.000000
0.273542
-0.000000
-0.000000
-0.197012
0.791667
0.006715
0.357143
0.000000
0.000000
-2.895920
0.224605
-0.000000
0.384351
-0.000000
6.205316
0.000000
-0.023810
-0.000000
0.000000
-0.000000
-0.000000
-11.515422
-0.000000
0.000000
0.050682
0.030960
0.605019
0.000000
-0.000000
0.812265
-0.000000
1.799530
0.000201
0.094588
-0.000000
-0.000000
0.822794
-0.000000
-0.000000
0.000000
0.000000
-18.096697
0.022567
-11.107614
-0.035393
-0.002273
0.149573
0.000000
-0.000000
-0.000000
-0.000000
0.000292
0.001232
0.000000
-0.000000
-0.487238
1.946016
-0.000000
-0.000000
-0.000000
-0.000000
0.298581
0.185808
0.000000
-0.000000
0.060653
0.000000
0.072376
0.000452
-0.000000
-0.627946
-2.471966
0.131625
-0.022629
-16.152782
0.001422
0.101709
0.001661
14.261191
-0.506271
0.100000
0.000000
-0.000000
0.000000
-0.000000
-3.460762
0.000000
-0.000000
0.004547
0.000000
0.049147
0.066144
0.065469
-0.000000
-0.000000
0.216114
-0.000000
0.747719
0.002106
0.000000
-0.874904
-0.000000
0.000000
0.001170
0.000000
-0.000000
1.622084
-0.000000
-0.000000
0.000000
0.016522
0.000000
0.025146
1.342953
7.769335
-0.000000
0.496729
-0.000000
0.000000
0.000000
27.268157
-0.000000
0.012146
0.723110
0.154147
1.608351
0.373046
0.046125
0.000000
0.140924
0.000000
-0.000000
-0.000000
0.000000
0.021505
0.201054
0.001926
0.000000
-0.000000
0.086851
0.830241
0.152652
0.504217
1.451492
0.000000
0.000000
1.555221
0.030080
-0.000000
0.450964
0.005495
-0.000000
7.754020
0.181239
5.352445
0.029762
0.000000
-0.000000
-0.000000
0.000000
0.021531
0.000000
0.428610
1.134156
0.000000
0.000000
0.759190
0.166667
0.026910
-0.375922
0.367076
0.000000
0.000000
0.256090
0.142857
0.000000
-0.024710
0.000000
0.282357
-0.000000
0.102133
1.307092
0.864020
-0.000000
0.000000
0.037589
1.208515
0.000000
-0.000000
0.515722
0.627879
0.293310
0.021987
0.000000
-0.000000
0.003336
0.310601
0.000000
0.000000
-0.000000
-0.000000
0.918179
0.748530
1.423341
0.005195
0.186743
0.238227
0.125698
0.000000
0.348914
0.049994
1.310019
0.002380
0.099983
0.004703
0.146341
0.244319
0.814948
0.006725
0.030730
-0.000000
0.018619
0.010526
2.242372
0.004209
0.060871
0.698991
0.000000
0.005260
0.000000
0.025641
0.088491
0.257526
0.001661
-0.000000
-0.000000
0.003526
0.041319
37.977301
0.081619
0.021978
0.708659
1.619520
0.163853
-0.000000
-0.000000
0.000000
-0.000000
0.000000
0.303187
0.000000
-1.268596
0.572420
-0.000000
0.258142
-53.086070
-1.195637
0.886459
0.016338
-0.000000
0.489449
0.221699
-0.000000
0.000000
0.008714
0.705416
1.459720
0.232505
-0.000950
0.161184
1.635866
5.755793
0.376247
0.131519
0.951988
0.001546
-0.000000
0.000000
0.000000
-0.000000
0.000000
0.000000
-0.000000
0.030255
-0.009387
0.836699
0.936591
0.004361
1.322477
0.000000
0.000000
-0.000000
0.000000
-0.000000
0.757239
0.190112
0.009082
0.015809
0.000131
0.000000
0.106384
-0.000000
-0.000000
0.000000
0.024493
-0.000000
-0.000000
1.188855
0.000000
0.002381
0.041272
-0.000000
-0.000000
0.033333
-0.000000
0.007031
0.498786
-0.000000
0.101357
0.000201
0.807273
0.000000
0.230397
0.421987
0.000290
0.031362
0.098651
-0.000000
0.957675
0.046342
0.000000
0.000000
0.000000
0.000000
-0.000000
0.000000
0.079365
0.000000
0.000000
0.000000
0.306562
-0.000000
0.000483
-0.000000
0.000000
0.000000
-0.000000
0.218452
-0.000000
0.078355
-0.000000
0.509404
-0.000000
0.000000
5.727355
-0.000000
1.608618
0.019872
0.018152
-0.010602
-0.485338
0.000000
0.795210
-0.000000
0.443094
0.000000
0.000000
0.008019
1.380579
-0.017857
-0.000000
0.000000
0.081309
0.000000
0.034823
-0.000000
0.000000
-0.030952
0.054762
0.003175
0.000000
0.004706
0.023224
-0.003040
0.000000
0.988607
0.079463
0.344363
0.077484
0.073109
29.479085
3.317055
0.001008
0.028985
0.004731
0.018716
0.000000
0.000000
0.000000
-0.008696
1.484339
0.000000
0.000000
-0.000000
0.000000
0.055108
0.024993
-0.000000
0.001918
-0.000000
0.491500
0.000000
0.025995
0.000000
0.861240
1.019231
0.024611
0.206131
0.000000
0.006017
0.001811
0.269945
-1.357991
-0.000000
0.000000
8.473424
0.005902
-0.736955
0.250794
0.000000
-0.000000
-0.000000
0.200000
0.027074
0.034139
-0.000000
0.000000
0.006805
0.000000
0.002632
5.588440
-0.000000
0.146465
-0.000000
-0.000000
0.000000
-0.000000
0.728168
0.171452
-0.081199
0.000000
0.000000
-0.843735
0.000000
-0.000000
0.009470
-0.000000
0.000000
-0.000000
0.481926
-0.000000
3.472358
0.000000
-0.000000
0.000000
0.000000
-0.000000
0.255929
0.112098
0.000000
1.266192
1.837653
6.127016
0.059077
0.005848
0.031307
0.000000
0.072829
-0.000000
0.000000
-0.000000
-0.000000
-0.000000
0.000000
0.000000
0.060540
0.000000
0.005506
0.001875
0.000967
0.000000
0.040550
0.000000
0.028816
0.000967
0.000826
0.000000
0.000826
0.000000
0.000000
0.000000
0.000000
0.105165
0.000000
0.000000
0.489911
0.005324
0.000000
0.000000
0.000000
-0.000000
0.384080
0.182789
0.011538
0.000000
0.000000
0.000000
0.000000
0.011858
0.000000
0.244650
-0.000000
-0.000000
1.946366
-0.000000
0.036739
-0.000000
1.587652
-0.000000
-0.000000
-0.000000
-0.000000
-0.000000
1.848786
0.351112
0.095429
-0.108314
3.778024
-0.111111
-0.109013
0.001399
0.203868
-0.014583
0.000000
0.066667
0.000000
0.110406
-0.000000
-0.000000
0.000000
0.000000
0.000000
0.013433
-0.000000
0.745552
0.000000
0.000000
-0.000000
-0.000000
0.000000
0.455220
0.023364
-0.000000
-0.000000
-0.000000
0.000000
0.000000
-0.000000
0.012345
0.045982
0.069482
0.055556
0.028195
0.072111
0.000000
-0.000000
1.040395
0.000000
0.000000
-0.000000
0.003405
0.000000
-0.052312
0.000000
-1580.128529
0.060606
0.000000
-0.000000
-0.026289
0.013043
3.781093
0.022103
-0.089492
0.039553
-0.000000
-1.475269
-0.000000
0.000000
0.000000
-0.000000
0.000000
0.000000
-0.000000
-0.258742
0.454052
0.000000
0.000000
0.039600
0.351833
0.165384
0.246919
0.003268
1.167316
-0.000000
0.001289
0.336631
0.000000
0.000000
0.675911
-0.000000
0.166817
0.009524
-0.000000
0.000000
0.000000
0.166531
0.000000
0.000000
0.476616
0.000000
-0.000000
0.000000
1.428549
-0.192106
0.000000
-0.161220
0.000000
0.000000
1.367892
-0.000000
-0.015000
0.000000
-0.012647
0.000000
0.047237
-0.000000
0.000000
-0.000000
0.196436
0.000000
0.000000
-0.000000
0.000000
-0.000000
-0.000000
0.000000
0.000000
0.000000
0.006168
0.000000
0.177334
0.000000
-0.000000
-0.000000
0.006215
0.109882
0.000000
0.000000
0.577841
-0.000000
-0.000000
0.353717
0.000000
0.006215
-0.000000
0.000000
0.122448
0.110176
0.083333
0.000000
0.000000
0.402270
-0.000000
-0.000000
0.017857
0.000000
-0.047343
0.036601
0.000000
-0.000000
-0.037037
0.341414
0.000000
0.000000
-0.000000
-0.000000
0.000000
0.054804
0.072344
-1.707891
-0.000000
0.000000
0.927990
1.425323
0.477804
0.025063
2.544222
0.148773
0.000000
0.000000
0.000000
-0.000000
-0.031833
0.000000
0.121978
0.000000
0.000000
0.311905
0.661787
-0.000000
0.000000
0.037560
-0.000000
0.023072
0.000000
0.100000
0.000000
0.126984
0.000000
1.329775
0.012539
0.000000
0.000000
0.000000
0.008131
0.000000
0.000000
0.000000
3.963532
1.949262
-0.000000
0.038889
-0.000000
0.000000
0.000000
0.166897
0.000000
6.778112
0.145542
0.060606
0.000000
0.227701
-0.000000
0.000000
-0.000000
0.000000
0.023919
0.000000
0.000000
0.000000
-0.000000
-0.003636
-0.000000
-0.000000
0.000604
0.008871
-0.000000
-0.000000
-0.000000
0.000000
0.000000
0.010989
0.000000
0.000000
0.016685
-0.000000
0.060440
0.000000
-0.000000
-0.000000
-0.000000
0.000000
0.375722
0.000000
0.000000
0.000000
4.820871
-0.000000
0.000000
0.004723
0.000000
0.003564
0.097663
0.000000
0.500000
0.000000
-0.000000
0.260558
0.000000
0.000000
-0.000000
-0.000000
-0.000000
0.019327
-0.000000
0.193939
0.000000
-0.000000
-0.768050
0.000000
0.000000
0.003589
0.022629
0.000000
0.000000
-0.000000
0.006548
0.423734
-0.000000
0.046154
-0.000000
0.018535
0.000000
-0.000000
0.000000
0.106437
0.008850
-0.100000
0.002924
0.000000
-0.000000
0.001034
0.010336
0.000000
-0.000000
0.000000
0.003175
-0.000000
0.000000
0.001288
0.037231
-0.097422
-0.000000
0.070212
0.667447
0.643613
0.516560
0.001338
-0.000000
0.000000
0.760441
-0.000000
-0.000000
0.000000
0.008925
0.000000
-0.000000
0.000000
0.025000
0.159887
0.085413
0.000000
0.000000
0.084152
-0.000000
0.000000
-0.000000
0.525339
0.189512
1.933293
-0.000000
0.000115
0.406608
-0.030769
0.000000
0.029575
-0.332973
0.548387
0.050000
-0.000000
0.302778
-0.000000
0.000000
0.000000
5.271472
0.000000
0.230866
-0.000000
-0.000000
-0.000000
0.060606
0.182797
0.555057
0.028903
0.000000
-1.665092
-0.013961
0.038639
0.032629
0.000000
-0.017543
0.000000
0.014337
0.002006
0.157668
0.151342
-0.000000
0.007191
0.025167
-0.000000
0.000947
-0.000000
0.001575
0.095238
0.000000
0.000000
-0.000000
0.000000
0.000000
0.000402
0.000000
2.311482
0.557505
1.023339
-0.152421
-0.000000
0.167164
0.000000
-0.000000
0.100168
0.082759
-0.000000
0.108059
-0.060440
-0.000000
-0.000000
0.132928
0.000000
-0.000000
0.221735
0.381492
0.099154
0.000000
0.814808
-0.000000
0.497409
-0.000000
0.000000
0.008899
3.300860
0.025649
0.000000
-0.000000
0.333333
0.000000
0.043277
-0.000000
0.008036
-0.000000
0.000000
0.000000
17.319722
0.087374
-0.000000
0.253785
0.000000
-3.717924
-0.000000
0.000000
0.000000
0.000000
0.000000
1.053136
0.161538
0.416667
-0.000000
-0.000000
-0.011083
0.071429
-0.000000
0.000000
-0.032164
0.000000
-0.000000
-0.064387
0.000000
-0.000000
0.110479
0.813203
-0.000000
0.060839
0.020356
0.045202
0.002842
0.000000
2.631633
0.287979
-0.000000
0.010599
0.009524
-0.000000
0.000000
0.013889
-0.000000
0.000000
-0.000000
-0.000000
0.152967
0.394043
0.138605
0.000000
0.114753
-0.071220
0.016667
0.000000
-0.000000
-0.000000
0.000000
0.008333
-0.000000
0.000000
0.004018
0.215295
8.805514
0.037168
1.698088
0.156780
0.338003
-0.000000
-0.000000
0.003570
1.000000
0.000000
0.000000
-0.000000
-0.000000
-0.000000
-0.196825
0.000000
0.000000
-0.088889
0.000000
-0.000000
-0.000000
-0.000000
-0.000000
0.413226
-0.098638
1.519234
-0.000000
0.001810
-0.000000
-0.000000
-0.004798
0.000000
0.001014
-1.227981
-0.000000
-0.000000
0.032164
-0.000000
0.000000
1.098567
0.084679
-0.032957
-0.000000
-0.000000
0.000000
-0.000000
0.037241
0.000000
0.000483
-0.095238
0.000000
0.000000
0.010786
-2.371316
0.000000
0.020355
0.015907
0.000000
-0.000000
-0.000000
0.000000
-0.000000
-0.000000
0.000303
0.016211
0.365908
-0.000000
0.000000
0.000000
-0.000000
0.000000
-0.000000
0.014196
0.216728
0.119951
0.000000
-0.000000
0.006098
0.000000
0.000000
0.042677
-0.000000
0.000000
0.000000
-0.500000
0.000000
-0.245059
0.046001
0.000000
-0.000000
0.084987
-0.000000
-0.000000
0.000000
-0.000000
0.231263
-0.000000
0.000000
0.000000
0.000000
0.000000
0.000000
0.000000
-0.013982
0.039304
-0.000000
0.274530
0.000000
0.012355
0.000000
0.023148
0.000000
-0.023148
-0.050000
-0.000000
0.000000
0.097616
-0.000000
-0.000000
0.000000
0.000000
0.000000
0.000000
0.006203
0.000000
807.485908
0.250000
0.000000
0.000000
-0.010402
0.016517
0.000000
0.000000
-0.000000
0.019909
-0.000000
0.000000
-0.011884
0.617624
0.041812
0.000000
0.003687
-0.000000
0.511252
0.483588
0.057373
0.000000
0.000000
0.000000
0.016280
0.020150
0.019303
0.000000
0.638762
0.008242
-0.000000
0.000000
0.000000
-0.037967
-0.000000
-0.000000
0.075188
245.513121
0.001499
0.000000
-0.000000
0.000000
0.048180
0.013483
-0.000000
0.000000
0.362686
0.000000
0.000000
0.000000
-0.000000
-1.104790
1.736432
0.555556
0.000000
-0.000000
0.033333
0.000000
-0.575997
-0.188358
0.012669
0.000000
-5.206936
1.311431
-0.000000
0.000000
0.045924
-0.000000
-0.072727
-0.000000
-0.000000
-0.000000
-0.000000
0.029575
-0.000000
0.008772
0.000000
-0.000000
0.021308
-0.000000
0.000000
0.000000
-0.000000
-0.000000
-0.000000
0.000000
3.338357
0.000000
0.000000
0.006178
0.138208
0.000000
0.055556
-0.055556
-0.032967
-2.274376
0.144444
0.008345
0.000000
0.000000
0.000000
0.304817
0.178490
0.000000
-0.000000
0.000000
0.000000
-0.000000
0.171171
0.000000
0.000000
0.253371
-0.000000
0.886891
0.714124
0.033115
0.000000
0.303367
-0.000000
0.000000
0.000000
0.000525
0.000000
0.000000
0.019279
-0.000000
0.000000
0.000000
0.000000
-0.003237
-0.000000
0.000000
-0.000000
0.054045
1.799447
0.000000
0.000000
-0.000000
0.003851
-0.000000
-0.000000
-0.000000
0.000000
0.000000
0.108511
-0.000000
1.988241
0.111111
0.058826
-0.000000
0.000000
0.000000
0.001340
-0.000000
0.001112
0.017857
0.000000
-0.000000
0.037669
0.000000
0.000000
-0.000000
-0.000000
-0.000000
-0.000000
0.000966
0.066667
0.047581
0.000000
-0.000000
0.025325
-0.000000
0.000000
-1.001831
0.135530
0.000000
-0.000000
3.182554
-0.000000
-5.558236
0.425439
-0.035088
-0.035088
0.464201
-0.035088
2.985776
-0.035088
-0.035088
-0.035088
-0.035088
-0.000000
-0.074561
-0.074561
-0.074561
-0.074561
-0.074561
-0.074561
-0.074561
-0.074561
-0.074561
0.000000
0.087868
0.000000
0.010065
0.082245
-0.000000
0.028890
0.000000
0.000000
-0.000000
-0.000000
0.000000
-0.000000
0.000000
0.000000
0.000000
0.000000
0.004762
-0.000000
0.000000
0.000000
1.339394
0.000000
0.858180
0.000000
-0.000000
0.002845
-0.000000
-0.000000
0.000000
0.011306
-0.000000
0.000000
0.005042
-0.000000
-0.000000
-0.000000
0.002613
0.002381
0.000000
0.028295
0.118869
-0.000000
2.144828
0.000000
0.001948
0.002024
-0.000000
0.000000
0.115385
-0.000000
-0.000000
0.000000
0.533787
-0.000000
-0.000000
-0.000000
0.000000
-0.000000
0.000290
0.333333
-0.000000
0.003535
0.023810
0.200000
0.076389
0.006944
0.006944
0.127579
0.000000
0.005042
0.185128
-0.000000
0.018250
1.840136
-0.291667
-0.000000
0.122449
0.008574
0.048173
0.054779
0.000000
0.015578
0.000402
-0.000000
0.000402
0.018511
0.009174
-0.297521
5.336010
0.000000
7.245607
0.149881
0.000000
0.000000
-0.000000
-0.000000
0.003628
-0.000000
0.000000
0.208439
-0.000000
-0.000000
1.849589
-0.000000
0.681083
0.013876
0.001667
0.590997
0.000000
0.000000
0.041908
0.296470
0.000000
0.551338
0.070610
-0.000000
-0.008889
0.000000
-0.000000
0.022802
-0.001885
-0.000000
-0.003788
0.000000
0.000000
0.000000
-1.818593
-0.000000
-0.000000
-0.000000
-0.000000
0.000000
-0.000000
-1.792635
-0.000000
0.000000
0.171695
0.313032
0.000000
0.010025
-0.000000
0.026834
0.000000
0.012821
0.785414
0.054545
-0.006087
0.938004
0.000000
0.000000
0.000000
0.000000
-1.197695
0.112298
0.014620
0.000000
0.000000
0.017580
0.000000
0.000000
0.000000
-0.000000
3.417521
-0.201972
-0.000000
2.133049
-0.000000
0.996127
-0.000000
-0.000000
0.031362
-0.000000
0.000000
0.000000
-0.000000
0.067447
0.253189
-0.000000
-0.000000
-0.000000
0.118676
-0.083590
-0.000000
-0.663330
-0.000000
0.000000
115.270190
0.000000
0.000000
-0.000000
0.263179
0.000000
0.008889
0.000000
0.187017
0.221196
0.005742
0.086126
0.253105
-0.000000
0.000000
-0.015437
-0.000000
-0.583333
-0.000000
0.000816
0.251485
-0.000000
-0.000000
0.041560
0.436752
1.027132
0.006073
0.083635
0.147137
0.000000
-0.000000
-0.000000
0.007576
0.008658
0.000000
0.000000
0.551429
-0.000000
-0.000000
-0.000000
0.033333
-0.000000
0.005195
0.140461
-0.000000
-0.000000
0.000000
0.000000
-0.000000
114.722021
0.000000
-0.000000
0.013378
-0.000000
-0.000000
0.148642
-2.937388
-0.000000
0.000000
0.142857
-0.000000
0.152664
-0.000000
-0.000000
-0.000000
-0.000000
-0.044444
-0.000000
-0.000000
0.044307
0.018576
0.000000
0.083916
0.309022
0.000000
0.000000
0.000000
-0.000000
0.616582
0.000000
-0.000000
0.296980
0.000000
0.000000
-0.029762
0.366330
-0.000000
-5.588142
0.000107
0.000107
0.002082
-0.859204
-0.000000
-0.000000
-0.037851
-0.000000
0.000000
-0.000000
0.050000
0.166667
0.000000
0.076923
0.007396
-0.000000
0.000000
0.000000
0.573807
0.000000
0.305071
-0.000000
0.001340
0.583348
0.015152
0.207143
0.525823
0.000000
0.000000
-0.000000
0.195238
-0.000000
-2.800440
-0.151318
-0.000000
-0.000000
-0.192698
0.022951
-0.000000
-0.797331
0.299390
-0.014326
0.002924
0.184653
0.352637
0.001075
0.097681
-0.000000
-0.000000
-0.000000
10.985352
-0.000000
0.250000
5.192015
-0.000000
0.000000
0.282705
0.013986
0.000000
-0.381805
0.000000
5.326976
0.381643
0.001814
-0.483223
0.644084
0.000000
0.125313
-0.000000
-0.000000
0.073107
0.000000
-0.000000
-0.000413
-3.578865
-0.325815
-1.087459
0.064478
4.879137
0.000000
0.197710
0.009524
0.000000
0.000000
-0.000000
0.000292
-0.000000
-0.000000
-1.854568
0.337501
-0.000000
-0.008403
-0.753540
0.000000
-0.000000
0.304315
0.049834
0.000000
0.000000
-0.000000
0.000000
-0.000000
-0.000000
0.000000
-0.000000
0.853183
0.000000
0.242424
-0.000000
0.028674
0.000000
0.000000
0.000000
-0.000000
0.000000
0.000000
-0.000000
0.119728
-0.000000
0.001815
-0.000000
-0.000000
0.000000
0.005848
0.000000
-0.000000
2.811389
0.714681
-0.000000
0.000000
0.004371
0.000000
0.275818
0.023724
0.303482
0.000584
0.026647
-0.000000
0.000000
-0.000000
0.147942
0.164860
0.000905
0.083171
0.055556
-0.000000
0.000000
0.000000
0.565872
0.009301
-0.000000
0.000571
0.005704
0.000000
0.005013
0.166667
0.325058
0.072697
0.000000
-0.000000
0.000000
0.000605
0.191139
0.000000
-0.000000
0.000793
-0.000000
0.000000
0.000000
0.000000
0.000292
0.098325
0.000000
0.382281
0.000000
0.000000
-0.000000
0.019077
-0.166667
-0.000000
-0.000000
-0.000000
1.062462
0.001512
0.001512
0.000000
0.027905
0.008240
-0.000000
0.017241
0.000000
-0.012479
-0.000000
0.000000
0.438293
-0.000000
0.055556
0.007692
0.037190
0.000000
-0.000000
0.000000
0.001712
0.000000
0.000000
0.000000
-0.000000
0.000000
0.000000
-0.000000
0.000000
0.000606
0.075098
0.000000
0.000000
-0.000000
-0.000000
0.000000
0.000000
0.000000
-0.000000
-0.000000
0.011312
0.048435
-0.000000
0.000000
0.019524
-0.000000
0.670531
0.000000
0.000000
-0.000000
0.095978
0.000638
0.000000
-0.000000
0.000000
-0.000000
0.066979
0.019048
-0.000000
0.000000
-0.000000
0.195408
0.000000
0.154823
0.111443
-0.000000
0.000000
0.000351
-0.000000
0.184127
0.000000
-0.000000
0.000000
0.003338
-0.000000
-0.000000
-0.019342
0.000000
0.000000
-0.000000
0.008806
0.039904
0.000000
0.012698
0.000000
-0.000000
-0.000000
-0.000000
0.042831
0.000000
0.000000
0.000000
-0.000000
0.000000
0.000000
0.032400
0.001682
-0.000000
0.002886
-0.000000
0.000000
0.000000
0.000000
-0.000000
-0.000000
-0.000000
-0.000000
0.000000
-0.000000
-0.000000
0.000000
0.039526
0.000651
0.752820
-0.000000
0.084914
0.000000
-0.000000
0.027778
0.028312
0.000000
0.000000
0.000000
0.003623
0.000000
0.000000
2.846420
0.000000
0.000000
0.000000
0.119902
0.000000
0.047619
0.000000
0.001770
0.000702
0.211747
0.366236
0.000000
0.003509
0.004762
0.000000
-0.000000
-0.000000
-0.000000
0.010604
-0.000000
0.021670
0.000000
0.770540
0.093943
0.000000
0.000000
0.000000
-0.000000
0.000000
0.000000
0.000000
-0.000000
0.000000
0.000000
0.000000
3.875427
0.000000
0.001976
0.000000
0.000000
0.000000
0.000000
0.000000
1.757760
0.000000
-0.000000
-0.000000
-0.000000
0.000000
0.066667
0.037094
0.000000
0.000000
-0.000000
0.015963
0.006667
0.000000
0.059759
-0.000000
0.000000
0.000000
-1.990708
-5.078784
0.000000
0.005495
0.434279
0.019231
0.000000
-0.000000
-0.002870
0.046669
0.000000
0.010993
-0.000000
0.003979
0.295803
0.016517
0.002098
0.000000
-0.000000
0.000000
0.000000
-0.017047
-0.000000
0.000000
-0.000000
0.095238
-0.000000
-0.231523
0.166667
0.000000
-0.000000
-0.000000
0.000529
0.000000
0.000000
0.000000
0.003268
0.000000
0.079365
-0.000950
-0.000000
0.008235
-0.000000
0.000000
0.000000
0.046669
0.023810
0.000000
0.383610
0.000000
-0.000000
-0.000000
0.000000
0.000000
0.016667
-0.000000
-0.317078
-0.000000
0.029762
0.000000
-0.000000
0.011349
0.000000
-0.000000
-0.000000
-0.000000
-0.000000
0.000000
0.000000
0.000000
-0.000000
-0.000000
-0.000000
0.000000
0.000000
0.000000
-0.000000
0.000000
0.000000
0.174874
0.029779
0.009728
-0.083333
0.000840
-0.125000
0.000000
0.023810
-0.000000
-0.000000
-0.000000
0.095238
0.095238
-0.000000
0.000000
0.047446
0.000000
-0.000000
-0.000000
-0.000000
0.000000
-0.183306
-0.000000
0.000000
-0.000000
0.000000
-0.000000
0.000000
-0.000000
-0.000000
-0.000000
0.000000
0.017857
-0.000000
0.000000
0.010033
0.000000
0.779733
0.000000
0.000000
0.006402
0.000000
0.000000
0.017857
-0.000000
0.000000
-0.000000
0.016459
-0.000000
0.000000
0.050000
0.000000
0.000000
0.023185
0.038717
-0.000000
0.342857
0.000000
0.019324
0.085671
0.000000
0.000000
0.000000
0.000000
0.000000
0.000000
-0.000000
-0.000000
-0.000000
0.000000
-0.000000
0.000000
-0.000000
0.300000
0.000000
-0.071429
-0.000000
-0.136364
0.007576
-0.000000
0.000000
0.000000
0.508333
0.004202
0.000000
0.000000
0.050253
0.069599
0.000000
-0.000000
-0.000000
0.030855
-0.000000
0.000000
0.029762
-0.000000
-0.029762
-0.000000
0.000000
-0.000000
0.002323
1.497635
0.003218
0.000000
-0.000000
-0.000000
0.001742
0.000000
0.000000
-0.000000
0.000000
0.000000
0.000000
0.000000
-0.000000
0.000000
-0.059524
-0.000000
0.000000
0.000000
0.000000
0.613890
-0.000000
0.000000
0.000000
0.000000
0.000000
-0.000000
-0.000000
3.185101
2.248788
0.064153
0.000000
0.329493
0.017024
0.000000
0.000000
0.000000
-0.000000
0.000649
-0.000000
0.000000
0.000000
-0.000000
0.004134
0.000000
-0.000000
0.000000
0.000000
-0.000000
-0.000000
0.069930
0.000000
0.000000
-0.002963
0.388686
0.229167
-0.000000
-0.002520
0.002427
0.000000
-0.000000
-0.000000
2.204660
0.000000
0.176922
0.008696
0.000000
-0.000000
0.000000
0.034163
0.002381
-0.000000
0.008899
0.000000
0.000000
-0.000000
0.000000
0.000000
0.000000
0.075874
0.003568
-0.000000
0.000000
-0.000000
0.000000
0.166667
-2.568171
0.015214
-0.000000
0.292687
0.007261
-0.000000
0.000000
-0.000000
0.000000
-0.000000
0.028409
0.000000
-0.000000
-0.000000
0.016873
0.000000
-0.000000
-0.000000
0.000000
0.000000
0.931292
-0.000000
0.003089
0.000000
0.000000
-0.000000
0.000000
-0.000000
-0.000000
-0.000000
0.039474
0.078811
-0.000000
0.000000
-0.000000
-0.000000
0.250000
0.012698
0.365046
0.000000
-0.000000
0.004565
-0.015385
0.000000
0.000000
-0.000000
0.000000
-0.000000
-0.031097
0.146134
0.000000
-0.000000
0.002820
-0.000000
0.007143
0.000000
0.002449
0.019327
0.014798
-0.000000
-559.584305
-66.373476
0.000000
-0.000000
0.000000
0.000000
0.000000
0.000000
-0.000000
0.000000
0.038462
-0.031304
-0.000000
0.004118
0.003532
0.000000
-0.000000
0.000000
-0.000000
0.000755
0.000000
0.006280
0.142356
0.067894
0.000000
0.000000
0.000000
0.238712
0.000000
0.000000
-0.000000
-0.000000
0.000000
0.111111
0.004167
0.097215
-0.000000
0.000000
-0.000000
0.000000
0.000000
0.186386
-0.000000
-0.000000
0.000000
-0.000000
0.000000
0.000402
0.000000
0.000000
-0.000000
-0.000000
-0.000000
-0.000000
0.000000
0.000000
0.000000
0.063685
0.000000
0.000000
0.000000
-0.577814
0.000000
0.000000
-0.000000
0.000793
-0.021622
-0.000000
0.000000
0.000000
0.000000
-0.000000
0.000000
0.000000
0.007154
0.000000
-0.000000
0.176190
-0.000000
0.000000
0.000000
0.293372
-0.000000
0.000936
0.000000
-0.000000
-0.000000
0.000000
0.082332
0.000000
0.000000
3.651246
0.000000
-0.000000
0.000201
-0.000000
0.000000
0.000000
-0.000000
0.000000
1.262122
-0.000000
0.001681
0.035714
0.000000
0.000000
0.000402
-0.000000
-0.000000
0.000000
0.024960
-0.000000
0.000000
0.000000
0.000000
0.000000
-0.000000
0.000000
0.003247
0.256781
0.000000
0.000000
0.000000
-0.000000
-0.033333
0.033333
0.001425
0.000000
0.000000
0.000000
0.002662
0.110296
0.023485
-0.000000
0.003870
-0.000000
-0.000000
0.000907
0.778782
0.021947
-0.000000
0.222222
-58.308970
0.000000
0.000000
0.000000
0.749570
0.037236
0.000000
0.000000
-0.000000
0.000000
-0.000000
-0.000000
0.219872
0.000000
-0.000000
0.206234
-0.000000
-0.000000
-0.000000
7.417935
0.000000
0.000402
-0.000000
-0.000000
-0.000000
0.030303
-0.000000
-0.000000
-0.277778
0.000000
-0.019914
-0.000000
0.000000
0.000000
0.000000
0.006196
0.000000
-0.498319
-0.000000
0.000000
0.000000
-0.000000
0.001224
0.000000
-0.000000
0.000000
0.075569
0.000000
0.000000
-0.000000
0.000000
-0.000000
-0.000000
0.000000
0.024390
-0.000000
-0.000000
0.000000
0.000000
-0.000000
0.003233
0.000000
0.020224
-0.000000
0.000000
-0.000000
-0.208626
-0.000000
0.000000
0.000000
0.000000
-0.000000
-0.000000
0.071346
0.012194
0.655200
0.000000
-0.000000
-0.000000
-0.000000
0.038225
-0.000000
0.000000
-0.000000
-0.000000
0.000000
-0.000000
-0.000000
0.000000
-0.000000
-0.000000
0.000000
-0.000000
-0.000000
0.000000
0.000000
0.000000
-0.000000
0.000000
0.002963
-0.000000
0.000000
-0.000000
0.000000
-0.000000
0.000000
0.000000
0.000000
0.000000
0.000000
-0.000000
0.000000
0.000000
0.000000
0.004926
0.000000
0.000000
-0.000000
0.000000
0.000000
0.000000
-0.000000
-0.000000
